y_1.5	yse_1.5
0.00000000E+00	0.00000000E+00
0.37722497E-01	0.38943341E-04
0.67024763E-01	0.72446123E-04
0.86046140E-01	0.99316508E-04
0.97389336E-01	0.12089142E-03
0.10417212E+00	0.13873909E-03
0.10854217E+00	0.15406833E-03
0.11170553E+00	0.16767431E-03
0.11427453E+00	0.18010335E-03
0.11653783E+00	0.19190632E-03
0.11861779E+00	0.20342199E-03
0.12055825E+00	0.21461601E-03
0.12237235E+00	0.22540507E-03
0.12406262E+00	0.23591687E-03
0.12562755E+00	0.24657982E-03
0.12706631E+00	0.25792172E-03
0.12838088E+00	0.27026039E-03
0.12957448E+00	0.28360296E-03
0.13064911E+00	0.29769342E-03
0.13160771E+00	0.31212076E-03
0.13245745E+00	0.32647262E-03
0.13320925E+00	0.34021297E-03
0.13387577E+00	0.35274159E-03
0.13446943E+00	0.36379798E-03
0.13500118E+00	0.37350525E-03
0.13548083E+00	0.38203183E-03
0.13591483E+00	0.38953581E-03
0.13630267E+00	0.39626844E-03
0.13664239E+00	0.40258316E-03
0.13693808E+00	0.40895898E-03
0.13719858E+00	0.41597741E-03
0.13743161E+00	0.42417638E-03
0.13764156E+00	0.43365664E-03
0.13783230E+00	0.44362276E-03
0.13800924E+00	0.45258968E-03
0.13817870E+00	0.45936482E-03
0.13834425E+00	0.46384680E-03
0.13850235E+00	0.46682899E-03
0.13864460E+00	0.46917238E-03
0.13876499E+00	0.47156211E-03
0.13886368E+00	0.47475771E-03
0.13894519E+00	0.47932719E-03
0.13901548E+00	0.48522758E-03
0.13908109E+00	0.49215189E-03
0.13914654E+00	0.49989141E-03
0.13921223E+00	0.50813249E-03
0.13927565E+00	0.51649548E-03
0.13933452E+00	0.52475627E-03
0.13939085E+00	0.53290728E-03
0.13944990E+00	0.54107874E-03
0.13951369E+00	0.54950811E-03
0.13957864E+00	0.55827017E-03
0.13964035E+00	0.56689415E-03
0.13969781E+00	0.57466696E-03
0.13975223E+00	0.58138043E-03
0.13980433E+00	0.58743217E-03
0.13985501E+00	0.59327173E-03
0.13990433E+00	0.59885005E-03
0.13994775E+00	0.60383044E-03
0.13997876E+00	0.60836549E-03
0.13999410E+00	0.61300027E-03
0.13999476E+00	0.61791502E-03
0.13998475E+00	0.62278375E-03
0.13996872E+00	0.62749145E-03
0.13995015E+00	0.63240402E-03
0.13992963E+00	0.63750933E-03
0.13990427E+00	0.64213806E-03
0.13987119E+00	0.64578336E-03
0.13983252E+00	0.64846680E-03
0.13979599E+00	0.65043388E-03
0.13977016E+00	0.65202947E-03
0.13975985E+00	0.65370909E-03
0.13976340E+00	0.65593402E-03
0.13977342E+00	0.65905933E-03
0.13978270E+00	0.66326724E-03
0.13978705E+00	0.66838920E-03
0.13978305E+00	0.67370941E-03
0.13976609E+00	0.67819003E-03
0.13973187E+00	0.68124640E-03
0.13968145E+00	0.68328906E-03
0.13962174E+00	0.68511448E-03
0.13956034E+00	0.68717908E-03
0.13950275E+00	0.68960786E-03
0.13945245E+00	0.69230698E-03
0.13941119E+00	0.69505545E-03
0.13937892E+00	0.69748365E-03
0.13935422E+00	0.69908073E-03
0.13933547E+00	0.69952198E-03
0.13932232E+00	0.69881297E-03
0.13931477E+00	0.69698772E-03
0.13930952E+00	0.69391676E-03
0.13930028E+00	0.68965289E-03
0.13928356E+00	0.68489667E-03
0.13926087E+00	0.68095521E-03
0.13923675E+00	0.67886528E-03
0.13921620E+00	0.67878906E-03
0.13920009E+00	0.68028508E-03
0.13918400E+00	0.68278290E-03
0.13916546E+00	0.68579588E-03
0.13914711E+00	0.68919612E-03
0.13913113E+00	0.69321579E-03
0.13911850E+00	0.69818834E-03
0.13911167E+00	0.70439834E-03
0.13911260E+00	0.71172160E-03
0.13912165E+00	0.71953017E-03
0.13913735E+00	0.72681631E-03
0.13915725E+00	0.73261904E-03
0.13917992E+00	0.73672111E-03
0.13920335E+00	0.73965507E-03
0.13922342E+00	0.74217578E-03
0.13923646E+00	0.74480239E-03
0.13924253E+00	0.74745698E-03
0.13924561E+00	0.74968677E-03
0.13925068E+00	0.75127755E-03
0.13926084E+00	0.75272553E-03
0.13927550E+00	0.75502242E-03
0.13929024E+00	0.75876877E-03
0.13929981E+00	0.76367513E-03
0.13930345E+00	0.76925208E-03
0.13930658E+00	0.77561844E-03
0.13931487E+00	0.78316241E-03
0.13932830E+00	0.79192862E-03
0.13934257E+00	0.80163605E-03
0.13935444E+00	0.81197302E-03
0.13936543E+00	0.82255588E-03
0.13938001E+00	0.83268500E-03
0.13939965E+00	0.84156119E-03
0.13941976E+00	0.84876339E-03
0.13943421E+00	0.85448969E-03
0.13944200E+00	0.85933073E-03
0.13944835E+00	0.86367860E-03
0.13946034E+00	0.86761539E-03
0.13948055E+00	0.87116492E-03
0.13950509E+00	0.87421964E-03
0.13952842E+00	0.87649963E-03
0.13954838E+00	0.87798535E-03
0.13956579E+00	0.87918577E-03
0.13958108E+00	0.88072814E-03
0.13959386E+00	0.88282392E-03
0.13960380E+00	0.88508591E-03
0.13961150E+00	0.88682867E-03
0.13961899E+00	0.88774261E-03
0.13962776E+00	0.88823339E-03
0.13963860E+00	0.88902904E-03
0.13965220E+00	0.89033447E-03
0.13966729E+00	0.89163043E-03
0.13968065E+00	0.89230118E-03
0.13969080E+00	0.89214893E-03
0.13969900E+00	0.89142050E-03
0.13970487E+00	0.89060622E-03
0.13970468E+00	0.89022405E-03
0.13969444E+00	0.89066849E-03
0.13967341E+00	0.89216660E-03
0.13964725E+00	0.89469256E-03
0.13962766E+00	0.89775413E-03
0.13962500E+00	0.90064330E-03
0.13964055E+00	0.90302217E-03
0.13966594E+00	0.90490265E-03
0.13968982E+00	0.90610701E-03
0.13970567E+00	0.90614895E-03
0.13971315E+00	0.90474347E-03
0.13971503E+00	0.90236655E-03
0.13971510E+00	0.90009200E-03
0.13971730E+00	0.89892365E-03
0.13972464E+00	0.89944229E-03
0.13973798E+00	0.90171069E-03
0.13975468E+00	0.90529572E-03
0.13977118E+00	0.90962201E-03
0.13978611E+00	0.91440206E-03
0.13979963E+00	0.91965907E-03
0.13981097E+00	0.92542622E-03
0.13981812E+00	0.93145327E-03
0.13982115E+00	0.93733752E-03
0.13982305E+00	0.94282066E-03
0.13982634E+00	0.94797084E-03
0.13983082E+00	0.95333058E-03
0.13983396E+00	0.95943276E-03
0.13983160E+00	0.96619331E-03
0.13982001E+00	0.97313108E-03
0.13979913E+00	0.97966072E-03
0.13977231E+00	0.98522121E-03
0.13974392E+00	0.98965678E-03
0.13971860E+00	0.99304639E-03
0.13969979E+00	0.99524348E-03
0.13968671E+00	0.99619668E-03
0.13967545E+00	0.99634706E-03
0.13966368E+00	0.99647841E-03
0.13965260E+00	0.99743403E-03
0.13964464E+00	0.99997176E-03
0.13964201E+00	0.10043637E-02
0.13964454E+00	0.10098495E-02
0.13964931E+00	0.10150703E-02
0.13965581E+00	0.10191536E-02
0.13966734E+00	0.10218226E-02
0.13968567E+00	0.10227363E-02
0.13970953E+00	0.10216161E-02
0.13973704E+00	0.10184772E-02
0.13976677E+00	0.10134817E-02
0.13979665E+00	0.10072464E-02
0.13982346E+00	0.10010723E-02
0.13984477E+00	0.99625902E-03
0.13985983E+00	0.99329147E-03
0.13987082E+00	0.99179404E-03
0.13988156E+00	0.99117052E-03
0.13989157E+00	0.99105348E-03
0.13989639E+00	0.99106175E-03
0.13989402E+00	0.99076557E-03
0.13988713E+00	0.99020797E-03
0.13988087E+00	0.98998774E-03
0.13988135E+00	0.99054294E-03
0.13989418E+00	0.99179592E-03
0.13992114E+00	0.99353095E-03
0.13995803E+00	0.99564664E-03
0.13999800E+00	0.99795494E-03
0.14003728E+00	0.10002486E-02
0.14007387E+00	0.10027027E-02
0.14010449E+00	0.10057719E-02
0.14012775E+00	0.10097283E-02
0.14014569E+00	0.10145176E-02
0.14016138E+00	0.10198094E-02
0.14017821E+00	0.10250721E-02
0.14019788E+00	0.10299123E-02
0.14021761E+00	0.10342002E-02
0.14023270E+00	0.10380215E-02
0.14024236E+00	0.10417514E-02
0.14025044E+00	0.10458220E-02
0.14026093E+00	0.10503888E-02
0.14027518E+00	0.10552209E-02
0.14029231E+00	0.10597493E-02
0.14030996E+00	0.10636425E-02
0.14032564E+00	0.10671685E-02
0.14033657E+00	0.10706799E-02
0.14033698E+00	0.10741841E-02
0.14032107E+00	0.10775220E-02
0.14029099E+00	0.10808128E-02
0.14025728E+00	0.10843762E-02
0.14023038E+00	0.10881657E-02
0.14021420E+00	0.10918997E-02
0.14020666E+00	0.10956442E-02
0.14020449E+00	0.10997880E-02
0.14020403E+00	0.11043391E-02
0.14020100E+00	0.11085638E-02
0.14019406E+00	0.11115935E-02
0.14018502E+00	0.11132658E-02
0.14017313E+00	0.11144171E-02
0.14015519E+00	0.11163231E-02
0.14013245E+00	0.11196548E-02
0.14011052E+00	0.11241488E-02
0.14009347E+00	0.11292021E-02
0.14008304E+00	0.11343224E-02
0.14008081E+00	0.11393420E-02
0.14008723E+00	0.11441732E-02
0.14010055E+00	0.11483800E-02
0.14011760E+00	0.11514798E-02
0.14013487E+00	0.11535374E-02
0.14014994E+00	0.11550477E-02
0.14016281E+00	0.11563514E-02
0.14017504E+00	0.11576974E-02
0.14018742E+00	0.11596177E-02
0.14019728E+00	0.11627273E-02
0.14019971E+00	0.11671226E-02
0.14019298E+00	0.11722927E-02
0.14018119E+00	0.11777013E-02
0.14017102E+00	0.11831063E-02
0.14016567E+00	0.11884938E-02
0.14016354E+00	0.11940372E-02
0.14016310E+00	0.11997270E-02
0.14016476E+00	0.12050693E-02
0.14016696E+00	0.12095044E-02
0.14016433E+00	0.12129069E-02
0.14015152E+00	0.12155970E-02
0.14012787E+00	0.12182324E-02
0.14009817E+00	0.12216139E-02
0.14006871E+00	0.12260889E-02
0.14004272E+00	0.12315145E-02
0.14001924E+00	0.12375017E-02
0.13999622E+00	0.12433228E-02
0.13997524E+00	0.12483183E-02
0.13996072E+00	0.12524671E-02
0.13995470E+00	0.12561624E-02
0.13995454E+00	0.12595770E-02
0.13995657E+00	0.12625217E-02
0.13995957E+00	0.12649766E-02
0.13996442E+00	0.12672786E-02
0.13997352E+00	0.12695496E-02
0.13999096E+00	0.12715400E-02
0.14002001E+00	0.12729899E-02
0.14006026E+00	0.12737914E-02
0.14010783E+00	0.12740540E-02
0.14015756E+00	0.12740507E-02
0.14020441E+00	0.12740481E-02
0.14024333E+00	0.12743700E-02
0.14027094E+00	0.12752694E-02
0.14028936E+00	0.12765367E-02
0.14030551E+00	0.12776648E-02
0.14032519E+00	0.12784441E-02
0.14034824E+00	0.12791935E-02
0.14036893E+00	0.12805535E-02
0.14037841E+00	0.12831325E-02
0.14036981E+00	0.12870712E-02
0.14034490E+00	0.12921278E-02
0.14031465E+00	0.12980950E-02
0.14029222E+00	0.13046237E-02
0.14028570E+00	0.13113077E-02
0.14029605E+00	0.13178867E-02
0.14031790E+00	0.13239338E-02
0.14034281E+00	0.13288229E-02
0.14036460E+00	0.13321577E-02
0.14038095E+00	0.13339771E-02
0.14039114E+00	0.13347723E-02
0.14039365E+00	0.13353122E-02
0.14038681E+00	0.13362645E-02
0.14037204E+00	0.13379565E-02
0.14035453E+00	0.13403360E-02
0.14033927E+00	0.13429762E-02
0.14032889E+00	0.13452129E-02
0.14032470E+00	0.13465116E-02
0.14032638E+00	0.13467287E-02
0.14033120E+00	0.13459657E-02
0.14033585E+00	0.13443158E-02
0.14033836E+00	0.13419851E-02
0.14033727E+00	0.13394450E-02
0.14033200E+00	0.13373341E-02
0.14032463E+00	0.13363069E-02
0.14031958E+00	0.13367679E-02
0.14032066E+00	0.13387329E-02
0.14032909E+00	0.13419354E-02
0.14034299E+00	0.13457168E-02
0.14035878E+00	0.13490132E-02
0.14037438E+00	0.13511213E-02
0.14039065E+00	0.13521104E-02
0.14040982E+00	0.13524294E-02
0.14043360E+00	0.13525802E-02
0.14046271E+00	0.13529985E-02
0.14049507E+00	0.13541481E-02
0.14052589E+00	0.13564618E-02
0.14055038E+00	0.13599006E-02
0.14056467E+00	0.13638894E-02
0.14056718E+00	0.13679102E-02
0.14056081E+00	0.13717970E-02
0.14055082E+00	0.13753082E-02
0.14054221E+00	0.13780157E-02
0.14054007E+00	0.13797781E-02
0.14054840E+00	0.13810365E-02
0.14056618E+00	0.13824141E-02
0.14058673E+00	0.13841084E-02
0.14060252E+00	0.13859322E-02
0.14060983E+00	0.13879283E-02
0.14060907E+00	0.13906250E-02
0.14060308E+00	0.13944825E-02
0.14059726E+00	0.13993661E-02
0.14059640E+00	0.14049401E-02
0.14059912E+00	0.14113033E-02
0.14059813E+00	0.14189024E-02
0.14058745E+00	0.14278382E-02
0.14056846E+00	0.14373848E-02
0.14054836E+00	0.14461490E-02
0.14053446E+00	0.14527609E-02
0.14052967E+00	0.14566462E-02
0.14053162E+00	0.14583096E-02
0.14053721E+00	0.14589788E-02
0.14054552E+00	0.14600917E-02
0.14055539E+00	0.14627596E-02
0.14056474E+00	0.14671033E-02
0.14057221E+00	0.14722005E-02
0.14057802E+00	0.14768535E-02
0.14058238E+00	0.14803145E-02
0.14058349E+00	0.14826787E-02
0.14057972E+00	0.14845101E-02
0.14057404E+00	0.14860490E-02
0.14057365E+00	0.14871542E-02
0.14058337E+00	0.14877325E-02
0.14059923E+00	0.14878036E-02
0.14060985E+00	0.14875526E-02
0.14060442E+00	0.14876304E-02
0.14057981E+00	0.14888398E-02
0.14054159E+00	0.14915856E-02
0.14049850E+00	0.14959143E-02
0.14045959E+00	0.15016955E-02
0.14043270E+00	0.15086103E-02
0.14041875E+00	0.15159196E-02
0.14041009E+00	0.15225259E-02
0.14039674E+00	0.15276878E-02
0.14037532E+00	0.15315361E-02
0.14035154E+00	0.15347191E-02
0.14033347E+00	0.15375851E-02
0.14032546E+00	0.15398462E-02
0.14032771E+00	0.15411844E-02
0.14033683E+00	0.15418355E-02
0.14034694E+00	0.15424762E-02
0.14035404E+00	0.15435878E-02
0.14035797E+00	0.15449447E-02
0.14036240E+00	0.15457805E-02
0.14037277E+00	0.15454344E-02
0.14039168E+00	0.15438359E-02
0.14041651E+00	0.15416027E-02
0.14044113E+00	0.15395391E-02
0.14045832E+00	0.15379565E-02
0.14046256E+00	0.15365069E-02
0.14045394E+00	0.15346665E-02
0.14043757E+00	0.15323941E-02
0.14042156E+00	0.15299274E-02
0.14041396E+00	0.15273734E-02
0.14041683E+00	0.15249654E-02
0.14042590E+00	0.15231992E-02
0.14043617E+00	0.15223378E-02
0.14044452E+00	0.15220954E-02
0.14044846E+00	0.15218791E-02
0.14044715E+00	0.15211898E-02
0.14044262E+00	0.15197538E-02
0.14043735E+00	0.15176014E-02
0.14043238E+00	0.15153035E-02
0.14042899E+00	0.15136180E-02
0.14042807E+00	0.15128442E-02
0.14042679E+00	0.15127918E-02
0.14042114E+00	0.15130553E-02
0.14041241E+00	0.15133387E-02
0.14040852E+00	0.15136292E-02
0.14041833E+00	0.15141518E-02
0.14044256E+00	0.15151609E-02
0.14047370E+00	0.15165621E-02
0.14050538E+00	0.15178669E-02
0.14053468E+00	0.15185555E-02
0.14055731E+00	0.15185154E-02
0.14056704E+00	0.15182375E-02
0.14056109E+00	0.15185004E-02
0.14054284E+00	0.15195686E-02
0.14051693E+00	0.15208781E-02
0.14048403E+00	0.15216876E-02
0.14044405E+00	0.15219146E-02
0.14040152E+00	0.15222686E-02
0.14036297E+00	0.15235621E-02
0.14033134E+00	0.15261245E-02
0.14030487E+00	0.15296499E-02
0.14028019E+00	0.15332975E-02
0.14025594E+00	0.15362555E-02
0.14023439E+00	0.15384685E-02
0.14022087E+00	0.15406103E-02
0.14022055E+00	0.15434766E-02
0.14023569E+00	0.15475671E-02
0.14026302E+00	0.15529180E-02
0.14029406E+00	0.15590027E-02
0.14031955E+00	0.15650441E-02
0.14033168E+00	0.15704282E-02
0.14032562E+00	0.15747448E-02
0.14030282E+00	0.15777926E-02
0.14027068E+00	0.15798192E-02
0.14023908E+00	0.15814418E-02
0.14021674E+00	0.15830940E-02
0.14020972E+00	0.15849110E-02
0.14022045E+00	0.15868232E-02
0.14024421E+00	0.15884946E-02
0.14026776E+00	0.15896706E-02
0.14027832E+00	0.15902668E-02
0.14027486E+00	0.15901053E-02
0.14026708E+00	0.15891803E-02
0.14026437E+00	0.15879854E-02
0.14026809E+00	0.15874806E-02
0.14027373E+00	0.15885232E-02
0.14027596E+00	0.15911794E-02
0.14027130E+00	0.15948498E-02
0.14026012E+00	0.15989567E-02
0.14024633E+00	0.16033505E-02
0.14023429E+00	0.16081228E-02
0.14022599E+00	0.16132105E-02
0.14022098E+00	0.16182695E-02
0.14021846E+00	0.16226518E-02
0.14021925E+00	0.16256605E-02
0.14022463E+00	0.16271030E-02
0.14023384E+00	0.16273481E-02
0.14024229E+00	0.16269267E-02
0.14024198E+00	0.16261320E-02
0.14022801E+00	0.16249647E-02
0.14020394E+00	0.16236359E-02
0.14017846E+00	0.16227184E-02
0.14015856E+00	0.16226851E-02
0.14014528E+00	0.16235512E-02
0.14013494E+00	0.16251003E-02
0.14012419E+00	0.16271664E-02
0.14011333E+00	0.16294284E-02
0.14010454E+00	0.16313138E-02
0.14009708E+00	0.16322903E-02
0.14008798E+00	0.16322834E-02
0.14007645E+00	0.16317877E-02
0.14006460E+00	0.16315391E-02
0.14005364E+00	0.16322090E-02
0.14004121E+00	0.16341471E-02
0.14002384E+00	0.16371228E-02
0.14000110E+00	0.16407620E-02
0.13997489E+00	0.16450842E-02
0.13994504E+00	0.16500825E-02
0.13990966E+00	0.16551391E-02
0.13987059E+00	0.16591399E-02
0.13983503E+00	0.16610995E-02
0.13981047E+00	0.16608058E-02
0.13979939E+00	0.16587000E-02
0.13979984E+00	0.16553316E-02
0.13980990E+00	0.16511253E-02
0.13982777E+00	0.16464706E-02
0.13984823E+00	0.16419205E-02
0.13986278E+00	0.16381524E-02
0.13986613E+00	0.16358278E-02
0.13985976E+00	0.16354212E-02
0.13984738E+00	0.16367332E-02
0.13983184E+00	0.16389960E-02
0.13981532E+00	0.16416260E-02
0.13979927E+00	0.16444767E-02
0.13978543E+00	0.16475023E-02
0.13977611E+00	0.16504267E-02
0.13977174E+00	0.16526370E-02
0.13976967E+00	0.16536165E-02
0.13976637E+00	0.16536686E-02
0.13976136E+00	0.16536143E-02
0.13976046E+00	0.16536338E-02
0.13977187E+00	0.16532611E-02
0.13979712E+00	0.16521781E-02
0.13983058E+00	0.16503754E-02
0.13986570E+00	0.16480218E-02
0.13989747E+00	0.16454473E-02
0.13992148E+00	0.16431540E-02
0.13993579E+00	0.16416019E-02
0.13994172E+00	0.16407489E-02
0.13993872E+00	0.16401097E-02
0.13992240E+00	0.16395006E-02
0.13989047E+00	0.16393131E-02
0.13984963E+00	0.16400373E-02
0.13981361E+00	0.16416790E-02
0.13979267E+00	0.16436982E-02
0.13978816E+00	0.16455848E-02
0.13979665E+00	0.16472370E-02
0.13981291E+00	0.16488036E-02
0.13983127E+00	0.16503137E-02
0.13984839E+00	0.16515054E-02
0.13986269E+00	0.16520364E-02
0.13987218E+00	0.16518512E-02
0.13987600E+00	0.16510557E-02
0.13987523E+00	0.16496340E-02
0.13987033E+00	0.16475801E-02
0.13986281E+00	0.16450588E-02
0.13985837E+00	0.16423461E-02
0.13986233E+00	0.16397176E-02
0.13987550E+00	0.16374950E-02
0.13989618E+00	0.16360403E-02
0.13992367E+00	0.16353791E-02
0.13995833E+00	0.16351797E-02
0.13999731E+00	0.16352047E-02
0.14003385E+00	0.16353967E-02
0.14006072E+00	0.16356250E-02
0.14007403E+00	0.16357394E-02
0.14007587E+00	0.16358856E-02
0.14007176E+00	0.16363605E-02
0.14006683E+00	0.16372529E-02
0.14006465E+00	0.16384301E-02
0.14006587E+00	0.16398205E-02
0.14006819E+00	0.16415094E-02
0.14006742E+00	0.16434220E-02
0.14006043E+00	0.16451475E-02
0.14004716E+00	0.16462580E-02
0.14002999E+00	0.16468089E-02
0.14001363E+00	0.16473228E-02
0.14000305E+00	0.16482988E-02
0.14000036E+00	0.16497792E-02
0.14000446E+00	0.16514550E-02
0.14001206E+00	0.16530781E-02
0.14002078E+00	0.16544251E-02
0.14003068E+00	0.16552505E-02
0.14004167E+00	0.16553119E-02
0.14005299E+00	0.16545073E-02
0.14006462E+00	0.16529663E-02
0.14007444E+00	0.16508378E-02
0.14007674E+00	0.16484057E-02
0.14006721E+00	0.16462952E-02
0.14004883E+00	0.16452319E-02
0.14002963E+00	0.16456796E-02
0.14001579E+00	0.16476155E-02
0.14000907E+00	0.16506296E-02
0.14000868E+00	0.16540976E-02
0.14001258E+00	0.16574706E-02
0.14001806E+00	0.16606309E-02
0.14002297E+00	0.16637743E-02
0.14002588E+00	0.16670271E-02
0.14002539E+00	0.16704913E-02
0.14002139E+00	0.16743403E-02
0.14001719E+00	0.16785028E-02
0.14001737E+00	0.16825088E-02
0.14002301E+00	0.16860068E-02
0.14003219E+00	0.16894490E-02
0.14004361E+00	0.16936090E-02
0.14005765E+00	0.16984569E-02
0.14007611E+00	0.17031245E-02
0.14009964E+00	0.17068208E-02
0.14012600E+00	0.17095425E-02
0.14015117E+00	0.17119930E-02
0.14017140E+00	0.17149130E-02
0.14018273E+00	0.17182612E-02
0.14018003E+00	0.17212033E-02
0.14016152E+00	0.17230095E-02
0.14013270E+00	0.17235492E-02
0.14010251E+00	0.17231681E-02
0.14007672E+00	0.17227029E-02
